6  3

3	5	1	0 
7	0	0	5
0 	2	2	4








100
3

98	58	100	63	17	76	8	23	18	85
42	53	22	19	64	28	79	12	22	75
11	1	80	23	82	78	9	16	100	10
43	93	26	43	46	16	13	43	87	73
55	1	17	39	18	42	22	97	47	64
19	43	89	16	83	85	64	31	17	56
47	9	39	30	27	10	47	61	77	40
6	33	69	69	59	12	79	2	55	42
71	45	87	30	48	37	21	37	41	88
29	0	38	8	42	17	31	17	53	8

94	80	2	11	96	99	64	29	91	30
64	91	90	67	75	44	34	82	26	46
40	47	30	53	7	28	17	49	85	48
23	93	34	78	8	52	56	18	42	41
0	72	0	13	65	73	61	58	81	40
77	29	32	29	7	34	1	4	61	60
30	20	38	4	94	17	37	17	95	71
82	7	1	30	70	63	38	35	45	84
77	30	34	22	54	81	82	10	13	58
2	56	10	26	75	66	84	3	39	4

63	51	60	31	35	4	11	28	57	27
10	43	23	15	38	69	18	11	47	16
69	28	47	45	29	17	0	50	74	68
1	51	29	0	14	16	13	23	32	58
92	90	72	96	56	91	86	63	12	69
81	77	23	41	88	49	29	67	68	46
60	66	91	6	91	48	51	18	83	57
44	54	3	9	97	58	47	16	17	66
7	78	8	60	41	53	48	14	98	15
60	74	33	76	79	51	77	54	77	68

62	90	69	40	18	65	1	69	33	32
0	15	21	39	15	27	38	77	66	49
26	53	86	73	98	36	32	29	26	29
42	82	29	91	65	87	31	1	65	0
25	95	19	31	100	25	45	0	94	33
100	45	52	53	3	5	69	24	47	55
34	79	27	26	44	69	88	63	79	17
96	8	56	88	3	32	61	41	16	71
5	30	35	4	73	41	90	17	20	69
88	78	76	0	0	100	94	54	29	87

38	56	87	13	54	38	65	35	29	73
75	25	56	50	32	2	18	87	85	97
8	66	14	49	29	37	53	38	65	73
23	15	81	40	3	58	62	92	27	6
2	43	40	10	5	41	2	54	12	31
34	83	35	24	55	45	3	62	49	48
68	83	62	40	20	25	15	96	61	96
22	23	29	70	88	68	63	62	7	84
8	25	36	73	56	90	40	85	94	100
73	96	92	48	32	34	29	61	24	35

48	28	5	3	71	63	52	58	91	11
43	56	6	38	42	53	34	70	93	52
68	92	42	25	39	83	2	11	30	1
54	29	19	81	6	87	99	39	92	8
75	23	33	92	76	20	62	18	100	20
18	44	87	78	0	4	0	62	36	99
50	8	62	63	62	98	30	72	84	38
67	28	100	29	31	95	25	28	95	18
16	15	4	80	30	18	95	96	19	24
79	36	82	26	98	48	10	49	2	70

12	1	0	27	71	91	57	50	0	66
53	46	32	67	43	72	82	48	45	28
64	54	9	8	17	5	74	59	62	9
0	52	4	71	64	32	69	72	38	96
60	74	46	11	12	86	77	25	92	2
37	41	73	16	17	36	0	51	79	85
44	59	30	33	89	24	76	66	61	26
66	69	22	63	83	48	80	69	39	5
47	88	94	93	66	66	94	25	73	13
7	37	94	95	49	24	1	17	80	30

98	37	75	1	86	52	32	81	24	49
20	93	66	79	54	37	100	16	9	60
6	30	91	24	35	2	57	17	8	71
50	66	0	25	60	90	18	56	87	42
24	16	30	10	71	51	11	8	99	8
100	55	16	62	53	52	13	71	73	13
99	84	84	16	64	77	89	78	75	26
62	57	58	89	85	48	26	81	14	74
34	85	14	22	16	66	61	66	9	8
83	38	66	81	20	0	36	66	6	25

12	28	42	29	36	48	97	38	79	3
76	74	50	1	97	50	100	100	17	90
66	6	2	78	100	69	7	22	52	5
44	33	36	76	97	91	32	61	14	53
24	87	25	8	41	67	39	98	65	46
52	36	87	23	38	73	80	28	31	71
8	17	2	45	48	53	23	53	12	35
78	10	4	17	71	37	9	99	47	9
26	99	69	85	7	5	76	52	97	11
48	82	72	54	59	54	64	58	46	77

66	87	63	19	33	11	95	24	19	93
57	62	81	30	59	25	95	57	14	32
8	82	71	36	87	31	94	7	34	9
9	4	60	62	2	41	12	14	54	47
64	49	0	2	93	4	14	91	80	100
8	83	88	77	49	19	61	45	8	54
18	13	58	54	100	65	33	22	80	66
95	29	30	10	20	17	80	93	60	37
7	98	35	75	92	34	70	0	6	95
58	99	36	99	44	38	46	24	97	69

8	50	31	75	32	49	100	95	12	2
91	35	93	81	19	100	43	100	30	53
96	8	41	37	83	93	13	34	21	6
89	68	19	5	37	55	80	22	47	56
15	46	61	27	9	72	99	95	15	46
14	12	81	62	54	9	29	1	54	86
6	32	2	43	69	92	3	41	22	91
81	8	92	97	56	96	90	43	15	97
96	70	89	31	82	79	90	7	1	27
68	68	17	25	2	4	15	66	58	38

73	31	90	60	9	80	20	76	3	93
85	28	18	14	10	29	31	15	22	35
56	87	72	34	81	12	93	11	30	63
26	78	75	93	13	17	36	80	54	92
65	91	63	89	45	66	18	12	66	30
63	6	68	21	45	47	34	46	62	35
27	59	64	17	61	65	94	49	41	7
46	84	18	84	33	61	91	7	16	8
1	9	59	77	71	84	94	52	46	73
18	64	44	71	22	9	79	44	95	85

65	90	82	86	68	77	24	12	14	6
26	54	65	75	93	9	27	7	63	85
66	85	100	23	1	1	85	37	21	35
19	39	1	98	70	51	19	44	61	62
14	13	80	28	36	28	60	87	70	55
89	96	61	10	57	81	41	53	36	9
67	28	30	29	2	84	79	83	17	46
66	61	98	67	0	8	31	88	23	71
43	89	1	77	89	44	77	19	89	82
28	86	37	27	25	51	84	91	13	82

34	15	44	52	91	99	16	83	25	82
89	40	98	58	29	2	14	10	100	47
91	0	15	60	81	0	93	56	57	13
50	29	68	3	15	43	68	51	85	42
66	21	90	63	29	58	86	73	66	26
54	56	11	49	13	85	3	56	3	8
84	27	6	47	51	52	61	64	64	83
1	53	65	46	86	11	67	22	87	72
91	78	63	71	24	100	58	64	40	29
89	5	85	84	17	88	79	3	44	42

60	10	7	24	28	70	34	61	72	90
43	68	21	19	18	94	70	42	66	16
19	19	85	83	32	13	54	25	99	45
82	64	82	73	14	13	55	3	71	0
52	45	60	23	65	37	99	97	89	7
94	31	23	28	93	92	80	42	58	52
33	72	82	2	9	85	86	94	35	92
81	85	89	90	45	47	71	10	72	58
68	43	7	43	93	79	25	53	63	22
58	19	64	42	16	48	33	32	46	5

84	60	60	99	95	91	6	23	30	87
70	80	51	10	7	6	60	89	45	37
91	100	13	61	58	62	46	93	35	72
49	98	62	52	0	7	93	61	55	56
14	2	23	99	77	51	40	6	70	10
89	24	17	26	15	67	49	62	62	62
49	78	74	9	33	54	39	25	50	27
3	100	51	48	96	6	20	28	36	75
68	73	17	50	49	83	60	48	35	66
61	57	98	52	72	32	76	74	69	49

61	10	91	21	31	8	65	47	40	69
62	100	86	4	36	18	97	64	100	41
11	79	17	8	93	96	58	38	94	99
49	11	25	26	52	69	69	89	2	42
37	96	53	95	97	19	68	49	85	41
58	46	3	56	23	98	63	31	38	14
46	91	52	45	87	11	57	100	78	12
85	56	25	78	39	78	79	43	56	95
37	57	75	3	0	38	12	34	81	40
76	67	87	25	85	18	10	0	23	94

92	68	38	7	76	66	69	62	10	88
57	48	30	66	45	93	26	69	91	68
65	0	80	93	43	62	62	59	89	52
26	30	9	38	5	85	85	74	79	100
65	35	4	15	40	16	63	34	46	83
50	78	65	92	40	51	1	74	88	0
72	1	49	86	31	54	40	82	86	63
73	32	29	46	30	7	41	33	98	84
28	84	81	32	67	50	95	30	72	63
59	46	89	62	54	44	8	2	0	10

70	94	11	97	9	59	66	57	23	84
83	88	67	50	88	86	60	34	95	0
18	88	67	98	61	39	7	64	90	65
92	48	54	46	79	100	9	28	100	33
17	15	9	25	37	66	80	49	13	46
14	69	68	32	49	67	19	9	89	40
31	88	76	32	72	10	64	70	70	74
40	8	41	82	30	38	45	62	34	26
81	5	28	55	72	46	29	87	90	48
50	45	83	95	43	32	53	57	86	29

68	29	62	29	47	41	50	26	44	47
46	84	54	51	95	24	16	98	16	0
53	43	88	74	34	29	13	69	78	32
80	34	7	24	46	29	52	75	9	86
28	87	78	6	0	83	73	76	45	89
56	99	82	57	85	60	35	35	99	24
99	79	97	28	99	95	58	24	97	65
52	5	69	84	79	25	60	96	88	28
28	83	4	6	10	98	35	79	8	81
93	67	48	65	23	63	97	37	10	47

95	67	53	17	84	13	2	51	29	32
83	3	64	39	59	76	57	91	52	63
50	98	77	62	59	84	39	68	98	91
55	71	89	57	13	12	65	46	63	58
88	62	5	8	72	43	85	83	85	34
52	69	54	35	13	72	73	72	73	45
27	18	43	100	100	66	15	88	61	12
16	11	0	34	79	2	66	26	73	68
94	82	35	90	98	1	30	20	35	98
94	22	77	100	56	60	93	16	18	22

46	5	13	27	60	40	9	20	49	87
80	94	29	85	44	98	63	65	45	33
98	31	85	86	95	82	50	34	61	55
88	14	1	77	72	50	67	72	2	69
24	99	58	34	88	25	10	100	41	47
96	56	31	16	43	40	49	50	63	85
65	11	97	74	75	79	100	36	83	69
72	80	72	0	30	40	14	33	46	62
64	10	5	90	69	64	85	22	67	6
51	96	86	70	72	1	88	85	29	87
